Modulo:   1 Equivalence classes:   1 -> [[0]]
Modulo:   2 Equivalence classes:   2 -> [[0], [1]]
Modulo:   3 Equivalence classes:   3 -> [[0], [1], [2]]
Modulo:   4 Equivalence classes:   3 -> [[0], [3, 1], [2]]
Modulo:   5 Equivalence classes:   2 -> [[0], [2, 1, 3, 4]]
Modulo:   6 Equivalence classes:   4 -> [[0], [4, 1], [5, 2], [3]]
Modulo:   7 Equivalence classes:   7 -> [[0], [1], [2], [3], [4], [5], [6]]
Modulo:   8 Equivalence classes:   5 -> [[0], [5, 1], [6, 2], [7, 3], [4]]
Modulo:   9 Equivalence classes:   9 -> [[0], [1], [2], [3], [4], [5], [6], [7], [8]]
Modulo:  10 Equivalence classes:   2 -> [[0], [5, 4, 3, 2, 7, 6, 9, 8, 1]]
Modulo:  11 Equivalence classes:  11 -> [[0], [1], [2], [3], [4], [5], [6], [7], [8], [9], [10]]
Modulo:  12 Equivalence classes:   7 -> [[0], [7, 1], [8, 2], [9, 3], [10, 4], [11, 5], [6]]
Modulo:  13 Equivalence classes:  13 -> [[0], [1], [2], [3], [4], [5], [6], [7], [8], [9], [10], [11], [12]]
Modulo:  14 Equivalence classes:   8 -> [[0], [8, 1], [9, 2], [10, 3], [11, 4], [12, 5], [13, 6], [7]]
Modulo:  15 Equivalence classes:   4 -> [[0], [13, 10, 7, 4, 1], [5, 2, 8, 11, 14], [9, 6, 12, 3]]
Modulo:  16 Equivalence classes:   9 -> [[0], [9, 1], [10, 2], [11, 3], [12, 4], [13, 5], [14, 6], [15, 7], [8]]
Modulo:  17 Equivalence classes:  17 -> [[0], [1], [2], [3], [4], [5], [6], [7], [8], [9], [10], [11], [12], [13], [14], [15], [16]]
Modulo:  18 Equivalence classes:  10 -> [[0], [10, 1], [11, 2], [12, 3], [13, 4], [14, 5], [15, 6], [16, 7], [17, 8], [9]]
Modulo:  19 Equivalence classes:  19 -> [[0], [1], [2], [3], [4], [5], [6], [7], [8], [9], [10], [11], [12], [13], [14], [15], [16], [17], [18]]
Modulo:  20 Equivalence classes:   3 -> [[0], [13, 11, 15, 17, 5, 3, 7, 9, 19, 1], [12, 10, 14, 16, 4, 2, 6, 8, 18]]
Modulo:  21 Equivalence classes:  21 -> [[0], [1], [2], [3], [4], [5], [6], [7], [8], [9], [10], [11], [12], [13], [14], [15], [16], [17], [18], [19], [20]]
Modulo:  22 Equivalence classes:  12 -> [[0], [12, 1], [13, 2], [14, 3], [15, 4], [16, 5], [17, 6], [18, 7], [19, 8], [20, 9], [21, 10], [11]]
Modulo:  23 Equivalence classes:  23 -> [[0], [1], [2], [3], [4], [5], [6], [7], [8], [9], [10], [11], [12], [13], [14], [15], [16], [17], [18], [19], [20], [21], [22]]
Modulo:  24 Equivalence classes:  12 -> [[0], [13, 1], [14, 2], [15, 3], [16, 4], [11, 5, 17, 23], [18, 6], [19, 7], [20, 8], [21, 9], [22, 10], [12]]
Modulo:  25 Equivalence classes:   4 -> [[0], [19, 18, 21, 23, 24, 4, 3, 6, 8, 9, 11, 13, 14, 16, 1], [7, 2, 12, 17, 22], [10, 5, 15, 20]]
Modulo:  26 Equivalence classes:  14 -> [[0], [14, 1], [15, 2], [16, 3], [17, 4], [18, 5], [19, 6], [20, 7], [21, 8], [22, 9], [23, 10], [24, 11], [25, 12], [13]]
Modulo:  27 Equivalence classes:  27 -> [[0], [1], [2], [3], [4], [5], [6], [7], [8], [9], [10], [11], [12], [13], [14], [15], [16], [17], [18], [19], [20], [21], [22], [23], [24], [25], [26]]
Modulo:  28 Equivalence classes:  13 -> [[0], [15, 1], [16, 2], [10, 3, 17, 24], [18, 4], [19, 5], [27, 20, 13, 6], [21, 7], [22, 8], [23, 9], [25, 11], [26, 12], [14]]
Modulo:  29 Equivalence classes:  29 -> [[0], [1], [2], [3], [4], [5], [6], [7], [8], [9], [10], [11], [12], [13], [14], [15], [16], [17], [18], [19], [20], [21], [22], [23], [24], [25], [26], [27], [28]]
Modulo:  30 Equivalence classes:   4 -> [[0], [7, 4, 10, 13, 16, 19, 22, 25, 28, 1], [5, 2, 8, 11, 14, 17, 20, 23, 26, 29], [6, 3, 9, 12, 15, 18, 21, 24, 27]]
Modulo:  31 Equivalence classes:  31 -> [[0], [1], [2], [3], [4], [5], [6], [7], [8], [9], [10], [11], [12], [13], [14], [15], [16], [17], [18], [19], [20], [21], [22], [23], [24], [25], [26], [27], [28], [29], [30]]
Modulo:  32 Equivalence classes:  14 -> [[0], [17, 1], [10, 2, 18, 26], [19, 3], [20, 4], [13, 5, 21, 29], [22, 6], [15, 7, 23, 31], [24, 8], [25, 9], [27, 11], [28, 12], [30, 14], [16]]
Modulo:  33 Equivalence classes:  33 -> [[0], [1], [2], [3], [4], [5], [6], [7], [8], [9], [10], [11], [12], [13], [14], [15], [16], [17], [18], [19], [20], [21], [22], [23], [24], [25], [26], [27], [28], [29], [30], [31], [32]]
Modulo:  34 Equivalence classes:  18 -> [[0], [18, 1], [19, 2], [20, 3], [21, 4], [22, 5], [23, 6], [24, 7], [25, 8], [26, 9], [27, 10], [28, 11], [29, 12], [30, 13], [31, 14], [32, 15], [33, 16], [17]]
Modulo:  35 Equivalence classes:   8 -> [[0], [15, 8, 22, 29, 1], [9, 2, 16, 23, 30], [10, 3, 17, 24, 31], [11, 4, 18, 25, 32], [12, 5, 19, 26, 33], [13, 6, 20, 27, 34], [14, 7, 21, 28]]
Modulo:  36 Equivalence classes:  15 -> [[0], [19, 1], [11, 2, 20, 29], [21, 3], [13, 4, 22, 31], [23, 5], [15, 6, 24, 33], [25, 7], [17, 8, 26, 35], [27, 9], [28, 10], [30, 12], [32, 14], [34, 16], [18]]
Modulo:  37 Equivalence classes:  37 -> [[0], [1], [2], [3], [4], [5], [6], [7], [8], [9], [10], [11], [12], [13], [14], [15], [16], [17], [18], [19], [20], [21], [22], [23], [24], [25], [26], [27], [28], [29], [30], [31], [32], [33], [34], [35], [36]]
Modulo:  38 Equivalence classes:  20 -> [[0], [20, 1], [21, 2], [22, 3], [23, 4], [24, 5], [25, 6], [26, 7], [27, 8], [28, 9], [29, 10], [30, 11], [31, 12], [32, 13], [33, 14], [34, 15], [35, 16], [36, 17], [37, 18], [19]]
Modulo:  39 Equivalence classes:  39 -> [[0], [1], [2], [3], [4], [5], [6], [7], [8], [9], [10], [11], [12], [13], [14], [15], [16], [17], [18], [19], [20], [21], [22], [23], [24], [25], [26], [27], [28], [29], [30], [31], [32], [33], [34], [35], [36], [37], [38]]
Modulo:  40 Equivalence classes:   4 -> [[0], [33, 1, 35, 37, 39, 5, 3, 7, 9, 11, 13, 15, 17, 19, 21, 23, 25, 27, 29, 31], [38, 34, 6, 2, 10, 14, 18, 22, 26, 30], [8, 4, 12, 16, 20, 24, 28, 32, 36]]
Modulo:  41 Equivalence classes:  41 -> [[0], [1], [2], [3], [4], [5], [6], [7], [8], [9], [10], [11], [12], [13], [14], [15], [16], [17], [18], [19], [20], [21], [22], [23], [24], [25], [26], [27], [28], [29], [30], [31], [32], [33], [34], [35], [36], [37], [38], [39], [40]]
Modulo:  42 Equivalence classes:  22 -> [[0], [22, 1], [23, 2], [24, 3], [25, 4], [26, 5], [27, 6], [28, 7], [29, 8], [30, 9], [31, 10], [32, 11], [33, 12], [34, 13], [35, 14], [36, 15], [37, 16], [38, 17], [39, 18], [40, 19], [41, 20], [21]]
Modulo:  43 Equivalence classes:  43 -> [[0], [1], [2], [3], [4], [5], [6], [7], [8], [9], [10], [11], [12], [13], [14], [15], [16], [17], [18], [19], [20], [21], [22], [23], [24], [25], [26], [27], [28], [29], [30], [31], [32], [33], [34], [35], [36], [37], [38], [39], [40], [41], [42]]
Modulo:  44 Equivalence classes:  17 -> [[0], [12, 1, 23, 34], [24, 2], [14, 3, 25, 36], [26, 4], [16, 5, 27, 38], [28, 6], [18, 7, 29, 40], [30, 8], [20, 9, 31, 42], [21, 10, 32, 43], [33, 11], [35, 13], [37, 15], [39, 17], [41, 19], [22]]
Modulo:  45 Equivalence classes:  10 -> [[0], [10, 1, 19, 28, 37], [11, 2, 20, 29, 38], [12, 3, 21, 30, 39], [13, 4, 22, 31, 40], [14, 5, 23, 32, 41], [15, 6, 24, 33, 42], [43, 34, 16, 7, 25], [44, 35, 17, 8, 26], [18, 9, 27, 36]]
Modulo:  46 Equivalence classes:  24 -> [[0], [24, 1], [25, 2], [26, 3], [27, 4], [28, 5], [29, 6], [30, 7], [31, 8], [32, 9], [33, 10], [34, 11], [35, 12], [36, 13], [37, 14], [38, 15], [39, 16], [40, 17], [41, 18], [42, 19], [43, 20], [44, 21], [45, 22], [23]]
Modulo:  47 Equivalence classes:  47 -> [[0], [1], [2], [3], [4], [5], [6], [7], [8], [9], [10], [11], [12], [13], [14], [15], [16], [17], [18], [19], [20], [21], [22], [23], [24], [25], [26], [27], [28], [29], [30], [31], [32], [33], [34], [35], [36], [37], [38], [39], [40], [41], [42], [43], [44], [45], [46]]
Modulo:  48 Equivalence classes:  18 -> [[0], [13, 1, 25, 37], [26, 2], [15, 3, 27, 39], [28, 4], [17, 5, 29, 41], [18, 6, 30, 42], [31, 7], [20, 8, 32, 44], [33, 9], [46, 34, 22, 10], [47, 35, 23, 11], [36, 12], [38, 14], [40, 16], [43, 19], [45, 21], [24]]
Modulo:  49 Equivalence classes:  49 -> [[0], [1], [2], [3], [4], [5], [6], [7], [8], [9], [10], [11], [12], [13], [14], [15], [16], [17], [18], [19], [20], [21], [22], [23], [24], [25], [26], [27], [28], [29], [30], [31], [32], [33], [34], [35], [36], [37], [38], [39], [40], [41], [42], [43], [44], [45], [46], [47], [48]]
Modulo:  50 Equivalence classes:   3 -> [[0], [36, 34, 37, 38, 39, 41, 42, 43, 44, 46, 47, 48, 49, 2, 1, 3, 4, 6, 7, 8, 9, 11, 12, 13, 14, 16, 17, 18, 19, 21, 22, 23, 24, 26, 27, 28, 29, 31, 32, 33], [40, 35, 45, 10, 5, 15, 20, 25, 30]]
Modulo:  51 Equivalence classes:  51 -> [[0], [1], [2], [3], [4], [5], [6], [7], [8], [9], [10], [11], [12], [13], [14], [15], [16], [17], [18], [19], [20], [21], [22], [23], [24], [25], [26], [27], [28], [29], [30], [31], [32], [33], [34], [35], [36], [37], [38], [39], [40], [41], [42], [43], [44], [45], [46], [47], [48], [49], [50]]
Modulo:  52 Equivalence classes:  19 -> [[0], [14, 1, 27, 40], [28, 2], [16, 3, 29, 42], [17, 4, 30, 43], [31, 5], [19, 6, 32, 45], [33, 7], [47, 34, 21, 8], [48, 35, 22, 9], [36, 10], [50, 37, 24, 11], [51, 38, 25, 12], [39, 13], [41, 15], [44, 18], [46, 20], [49, 23], [26]]
Modulo:  53 Equivalence classes:  53 -> [[0], [1], [2], [3], [4], [5], [6], [7], [8], [9], [10], [11], [12], [13], [14], [15], [16], [17], [18], [19], [20], [21], [22], [23], [24], [25], [26], [27], [28], [29], [30], [31], [32], [33], [34], [35], [36], [37], [38], [39], [40], [41], [42], [43], [44], [45], [46], [47], [48], [49], [50], [51], [52]]
Modulo:  54 Equivalence classes:  28 -> [[0], [28, 1], [29, 2], [30, 3], [31, 4], [32, 5], [33, 6], [34, 7], [35, 8], [36, 9], [37, 10], [38, 11], [39, 12], [40, 13], [41, 14], [42, 15], [43, 16], [44, 17], [45, 18], [46, 19], [47, 20], [48, 21], [49, 22], [50, 23], [51, 24], [52, 25], [53, 26], [27]]
Modulo:  55 Equivalence classes:  12 -> [[0], [45, 34, 12, 1, 23], [46, 35, 13, 2, 24], [47, 36, 14, 3, 25], [48, 37, 15, 4, 26], [49, 38, 16, 5, 27], [50, 39, 17, 6, 28], [51, 40, 18, 7, 29], [52, 41, 19, 8, 30], [53, 42, 20, 9, 31], [54, 43, 21, 10, 32], [22, 11, 33, 44]]
Modulo:  56 Equivalence classes:  20 -> [[0], [15, 1, 29, 43], [30, 2], [17, 3, 31, 45], [18, 4, 32, 46], [33, 5], [48, 34, 20, 6], [49, 35, 21, 7], [36, 8], [51, 37, 23, 9], [52, 38, 24, 10], [39, 11], [54, 40, 26, 12], [55, 41, 27, 13], [42, 14], [44, 16], [47, 19], [50, 22], [53, 25], [28]]
Modulo:  57 Equivalence classes:  57 -> [[0], [1], [2], [3], [4], [5], [6], [7], [8], [9], [10], [11], [12], [13], [14], [15], [16], [17], [18], [19], [20], [21], [22], [23], [24], [25], [26], [27], [28], [29], [30], [31], [32], [33], [34], [35], [36], [37], [38], [39], [40], [41], [42], [43], [44], [45], [46], [47], [48], [49], [50], [51], [52], [53], [54], [55], [56]]
Modulo:  58 Equivalence classes:  30 -> [[0], [30, 1], [31, 2], [32, 3], [33, 4], [34, 5], [35, 6], [36, 7], [37, 8], [38, 9], [39, 10], [40, 11], [41, 12], [42, 13], [43, 14], [44, 15], [45, 16], [46, 17], [47, 18], [48, 19], [49, 20], [50, 21], [51, 22], [52, 23], [53, 24], [54, 25], [55, 26], [56, 27], [57, 28], [29]]
Modulo:  59 Equivalence classes:  59 -> [[0], [1], [2], [3], [4], [5], [6], [7], [8], [9], [10], [11], [12], [13], [14], [15], [16], [17], [18], [19], [20], [21], [22], [23], [24], [25], [26], [27], [28], [29], [30], [31], [32], [33], [34], [35], [36], [37], [38], [39], [40], [41], [42], [43], [44], [45], [46], [47], [48], [49], [50], [51], [52], [53], [54], [55], [56], [57], [58]]
Modulo:  60 Equivalence classes:   5 -> [[0], [4, 1, 7, 10, 13, 16, 19, 22, 25, 28, 31, 34, 37, 40, 43, 46, 49, 52, 55, 58], [5, 2, 8, 11, 14, 17, 20, 23, 26, 29, 32, 35, 38, 41, 44, 47, 50, 53, 56, 59], [9, 3, 15, 21, 27, 33, 39, 45, 51, 57], [12, 6, 18, 24, 30, 36, 42, 48, 54]]
Modulo:  61 Equivalence classes:  61 -> [[0], [1], [2], [3], [4], [5], [6], [7], [8], [9], [10], [11], [12], [13], [14], [15], [16], [17], [18], [19], [20], [21], [22], [23], [24], [25], [26], [27], [28], [29], [30], [31], [32], [33], [34], [35], [36], [37], [38], [39], [40], [41], [42], [43], [44], [45], [46], [47], [48], [49], [50], [51], [52], [53], [54], [55], [56], [57], [58], [59], [60]]
Modulo:  62 Equivalence classes:  32 -> [[0], [32, 1], [33, 2], [34, 3], [35, 4], [36, 5], [37, 6], [38, 7], [39, 8], [40, 9], [41, 10], [42, 11], [43, 12], [44, 13], [45, 14], [46, 15], [47, 16], [48, 17], [49, 18], [50, 19], [51, 20], [52, 21], [53, 22], [54, 23], [55, 24], [56, 25], [57, 26], [58, 27], [59, 28], [60, 29], [61, 30], [31]]
Modulo:  63 Equivalence classes:  63 -> [[0], [1], [2], [3], [4], [5], [6], [7], [8], [9], [10], [11], [12], [13], [14], [15], [16], [17], [18], [19], [20], [21], [22], [23], [24], [25], [26], [27], [28], [29], [30], [31], [32], [33], [34], [35], [36], [37], [38], [39], [40], [41], [42], [43], [44], [45], [46], [47], [48], [49], [50], [51], [52], [53], [54], [55], [56], [57], [58], [59], [60], [61], [62]]
Modulo:  64 Equivalence classes:  22 -> [[0], [17, 1, 33, 49], [18, 2, 34, 50], [35, 3], [20, 4, 36, 52], [21, 5, 37, 53], [38, 6], [23, 7, 39, 55], [24, 8, 40, 56], [41, 9], [26, 10, 42, 58], [27, 11, 43, 59], [44, 12], [29, 13, 45, 61], [30, 14, 46, 62], [31, 15, 47, 63], [48, 16], [51, 19], [54, 22], [57, 25], [60, 28], [32]]
Modulo:  65 Equivalence classes:  14 -> [[0], [14, 1, 27, 40, 53], [15, 2, 28, 41, 54], [16, 3, 29, 42, 55], [17, 4, 30, 43, 56], [18, 5, 31, 44, 57], [19, 6, 32, 45, 58], [20, 7, 33, 46, 59], [21, 8, 34, 47, 60], [22, 9, 35, 48, 61], [23, 10, 36, 49, 62], [24, 11, 37, 50, 63], [25, 12, 38, 51, 64], [26, 13, 39, 52]]
Modulo:  66 Equivalence classes:  34 -> [[0], [34, 1], [35, 2], [36, 3], [37, 4], [38, 5], [39, 6], [40, 7], [41, 8], [42, 9], [43, 10], [44, 11], [45, 12], [46, 13], [47, 14], [48, 15], [49, 16], [50, 17], [51, 18], [52, 19], [53, 20], [54, 21], [55, 22], [56, 23], [57, 24], [58, 25], [59, 26], [60, 27], [61, 28], [62, 29], [63, 30], [64, 31], [65, 32], [33]]
Modulo:  67 Equivalence classes:  67 -> [[0], [1], [2], [3], [4], [5], [6], [7], [8], [9], [10], [11], [12], [13], [14], [15], [16], [17], [18], [19], [20], [21], [22], [23], [24], [25], [26], [27], [28], [29], [30], [31], [32], [33], [34], [35], [36], [37], [38], [39], [40], [41], [42], [43], [44], [45], [46], [47], [48], [49], [50], [51], [52], [53], [54], [55], [56], [57], [58], [59], [60], [61], [62], [63], [64], [65], [66]]
Modulo:  68 Equivalence classes:  23 -> [[0], [18, 1, 35, 52], [19, 2, 36, 53], [37, 3], [21, 4, 38, 55], [22, 5, 39, 56], [40, 6], [24, 7, 41, 58], [25, 8, 42, 59], [26, 9, 43, 60], [44, 10], [28, 11, 45, 62], [29, 12, 46, 63], [47, 13], [31, 14, 48, 65], [32, 15, 49, 66], [33, 16, 50, 67], [51, 17], [54, 20], [57, 23], [61, 27], [64, 30], [34]]
Modulo:  69 Equivalence classes:  69 -> [[0], [1], [2], [3], [4], [5], [6], [7], [8], [9], [10], [11], [12], [13], [14], [15], [16], [17], [18], [19], [20], [21], [22], [23], [24], [25], [26], [27], [28], [29], [30], [31], [32], [33], [34], [35], [36], [37], [38], [39], [40], [41], [42], [43], [44], [45], [46], [47], [48], [49], [50], [51], [52], [53], [54], [55], [56], [57], [58], [59], [60], [61], [62], [63], [64], [65], [66], [67], [68]]
Modulo:  70 Equivalence classes:   8 -> [[0], [8, 1, 15, 22, 29, 36, 43, 50, 57, 64], [9, 2, 16, 23, 30, 37, 44, 51, 58, 65], [10, 3, 17, 24, 31, 38, 45, 52, 59, 66], [11, 4, 18, 25, 32, 39, 46, 53, 60, 67], [12, 5, 19, 26, 33, 40, 47, 54, 61, 68], [13, 6, 20, 27, 34, 41, 48, 55, 62, 69], [14, 7, 21, 28, 35, 42, 49, 56, 63]]
Modulo:  71 Equivalence classes:  71 -> [[0], [1], [2], [3], [4], [5], [6], [7], [8], [9], [10], [11], [12], [13], [14], [15], [16], [17], [18], [19], [20], [21], [22], [23], [24], [25], [26], [27], [28], [29], [30], [31], [32], [33], [34], [35], [36], [37], [38], [39], [40], [41], [42], [43], [44], [45], [46], [47], [48], [49], [50], [51], [52], [53], [54], [55], [56], [57], [58], [59], [60], [61], [62], [63], [64], [65], [66], [67], [68], [69], [70]]
Modulo:  72 Equivalence classes:  24 -> [[0], [19, 1, 37, 55], [20, 2, 38, 56], [39, 3], [22, 4, 40, 58], [23, 5, 41, 59], [24, 6, 42, 60], [43, 7], [26, 8, 44, 62], [27, 9, 45, 63], [46, 10], [29, 11, 47, 65], [30, 12, 48, 66], [31, 13, 49, 67], [50, 14], [33, 15, 51, 69], [34, 16, 52, 70], [35, 17, 53, 71], [54, 18], [57, 21], [61, 25], [64, 28], [68, 32], [36]]
Modulo:  73 Equivalence classes:  73 -> [[0], [1], [2], [3], [4], [5], [6], [7], [8], [9], [10], [11], [12], [13], [14], [15], [16], [17], [18], [19], [20], [21], [22], [23], [24], [25], [26], [27], [28], [29], [30], [31], [32], [33], [34], [35], [36], [37], [38], [39], [40], [41], [42], [43], [44], [45], [46], [47], [48], [49], [50], [51], [52], [53], [54], [55], [56], [57], [58], [59], [60], [61], [62], [63], [64], [65], [66], [67], [68], [69], [70], [71], [72]]
Modulo:  74 Equivalence classes:  38 -> [[0], [38, 1], [39, 2], [40, 3], [41, 4], [42, 5], [43, 6], [44, 7], [45, 8], [46, 9], [47, 10], [48, 11], [49, 12], [50, 13], [51, 14], [52, 15], [53, 16], [54, 17], [55, 18], [56, 19], [57, 20], [58, 21], [59, 22], [60, 23], [61, 24], [62, 25], [63, 26], [64, 27], [65, 28], [66, 29], [67, 30], [68, 31], [69, 32], [70, 33], [71, 34], [72, 35], [73, 36], [37]]
Modulo:  75 Equivalence classes:   6 -> [[0], [4, 1, 10, 13, 16, 19, 25, 28, 31, 34, 40, 43, 46, 49, 55, 58, 61, 64, 70, 73], [5, 2, 8, 11, 14, 17, 20, 23, 26, 29, 32, 35, 38, 41, 44, 47, 50, 53, 56, 59, 62, 65, 68, 71, 74], [6, 3, 9, 12, 18, 21, 24, 27, 33, 36, 39, 42, 48, 51, 54, 57, 63, 66, 69, 72], [22, 7, 37, 52, 67], [30, 15, 45, 60]]
Modulo:  76 Equivalence classes:  25 -> [[0], [20, 1, 39, 58], [21, 2, 40, 59], [41, 3], [23, 4, 42, 61], [24, 5, 43, 62], [25, 6, 44, 63], [45, 7], [27, 8, 46, 65], [28, 9, 47, 66], [29, 10, 48, 67], [49, 11], [31, 12, 50, 69], [32, 13, 51, 70], [33, 14, 52, 71], [53, 15], [35, 16, 54, 73], [36, 17, 55, 74], [37, 18, 56, 75], [57, 19], [60, 22], [64, 26], [68, 30], [72, 34], [38]]
Modulo:  77 Equivalence classes:  77 -> [[0], [1], [2], [3], [4], [5], [6], [7], [8], [9], [10], [11], [12], [13], [14], [15], [16], [17], [18], [19], [20], [21], [22], [23], [24], [25], [26], [27], [28], [29], [30], [31], [32], [33], [34], [35], [36], [37], [38], [39], [40], [41], [42], [43], [44], [45], [46], [47], [48], [49], [50], [51], [52], [53], [54], [55], [56], [57], [58], [59], [60], [61], [62], [63], [64], [65], [66], [67], [68], [69], [70], [71], [72], [73], [74], [75], [76]]
Modulo:  78 Equivalence classes:  40 -> [[0], [40, 1], [41, 2], [42, 3], [43, 4], [44, 5], [45, 6], [46, 7], [47, 8], [48, 9], [49, 10], [50, 11], [51, 12], [52, 13], [53, 14], [54, 15], [55, 16], [56, 17], [57, 18], [58, 19], [59, 20], [60, 21], [61, 22], [62, 23], [63, 24], [64, 25], [65, 26], [66, 27], [67, 28], [68, 29], [69, 30], [70, 31], [71, 32], [72, 33], [73, 34], [74, 35], [75, 36], [76, 37], [77, 38], [39]]
Modulo:  79 Equivalence classes:  79 -> [[0], [1], [2], [3], [4], [5], [6], [7], [8], [9], [10], [11], [12], [13], [14], [15], [16], [17], [18], [19], [20], [21], [22], [23], [24], [25], [26], [27], [28], [29], [30], [31], [32], [33], [34], [35], [36], [37], [38], [39], [40], [41], [42], [43], [44], [45], [46], [47], [48], [49], [50], [51], [52], [53], [54], [55], [56], [57], [58], [59], [60], [61], [62], [63], [64], [65], [66], [67], [68], [69], [70], [71], [72], [73], [74], [75], [76], [77], [78]]
Modulo:  80 Equivalence classes:   6 -> [[0], [5, 1, 9, 13, 17, 21, 25, 29, 33, 37, 41, 45, 49, 53, 57, 61, 65, 69, 73, 77], [6, 2, 10, 14, 18, 22, 26, 30, 34, 38, 42, 46, 50, 54, 58, 62, 66, 70, 74, 78], [7, 3, 11, 15, 19, 23, 27, 31, 35, 39, 43, 47, 51, 55, 59, 63, 67, 71, 75, 79], [12, 4, 20, 28, 36, 44, 52, 60, 68, 76], [16, 8, 24, 32, 40, 48, 56, 64, 72]]
Modulo:  81 Equivalence classes:  81 -> [[0], [1], [2], [3], [4], [5], [6], [7], [8], [9], [10], [11], [12], [13], [14], [15], [16], [17], [18], [19], [20], [21], [22], [23], [24], [25], [26], [27], [28], [29], [30], [31], [32], [33], [34], [35], [36], [37], [38], [39], [40], [41], [42], [43], [44], [45], [46], [47], [48], [49], [50], [51], [52], [53], [54], [55], [56], [57], [58], [59], [60], [61], [62], [63], [64], [65], [66], [67], [68], [69], [70], [71], [72], [73], [74], [75], [76], [77], [78], [79], [80]]
Modulo:  82 Equivalence classes:  42 -> [[0], [42, 1], [43, 2], [44, 3], [45, 4], [46, 5], [47, 6], [48, 7], [49, 8], [50, 9], [51, 10], [52, 11], [53, 12], [54, 13], [55, 14], [56, 15], [57, 16], [58, 17], [59, 18], [60, 19], [61, 20], [62, 21], [63, 22], [64, 23], [65, 24], [66, 25], [67, 26], [68, 27], [69, 28], [70, 29], [71, 30], [72, 31], [73, 32], [74, 33], [75, 34], [76, 35], [77, 36], [78, 37], [79, 38], [80, 39], [81, 40], [41]]
Modulo:  83 Equivalence classes:  83 -> [[0], [1], [2], [3], [4], [5], [6], [7], [8], [9], [10], [11], [12], [13], [14], [15], [16], [17], [18], [19], [20], [21], [22], [23], [24], [25], [26], [27], [28], [29], [30], [31], [32], [33], [34], [35], [36], [37], [38], [39], [40], [41], [42], [43], [44], [45], [46], [47], [48], [49], [50], [51], [52], [53], [54], [55], [56], [57], [58], [59], [60], [61], [62], [63], [64], [65], [66], [67], [68], [69], [70], [71], [72], [73], [74], [75], [76], [77], [78], [79], [80], [81], [82]]
Modulo:  84 Equivalence classes:  27 -> [[0], [22, 1, 43, 64], [23, 2, 44, 65], [24, 3, 45, 66], [46, 4], [26, 5, 47, 68], [27, 6, 48, 69], [28, 7, 49, 70], [50, 8], [30, 9, 51, 72], [31, 10, 52, 73], [32, 11, 53, 74], [54, 12], [34, 13, 55, 76], [35, 14, 56, 77], [36, 15, 57, 78], [58, 16], [38, 17, 59, 80], [39, 18, 60, 81], [40, 19, 61, 82], [41, 20, 62, 83], [63, 21], [67, 25], [71, 29], [75, 33], [79, 37], [42]]
Modulo:  85 Equivalence classes:  18 -> [[0], [18, 1, 35, 52, 69], [19, 2, 36, 53, 70], [20, 3, 37, 54, 71], [21, 4, 38, 55, 72], [22, 5, 39, 56, 73], [23, 6, 40, 57, 74], [24, 7, 41, 58, 75], [25, 8, 42, 59, 76], [26, 9, 43, 60, 77], [27, 10, 44, 61, 78], [28, 11, 45, 62, 79], [29, 12, 46, 63, 80], [30, 13, 47, 64, 81], [31, 14, 48, 65, 82], [32, 15, 49, 66, 83], [33, 16, 50, 67, 84], [34, 17, 51, 68]]
Modulo:  86 Equivalence classes:  44 -> [[0], [44, 1], [45, 2], [46, 3], [47, 4], [48, 5], [49, 6], [50, 7], [51, 8], [52, 9], [53, 10], [54, 11], [55, 12], [56, 13], [57, 14], [58, 15], [59, 16], [60, 17], [61, 18], [62, 19], [63, 20], [64, 21], [65, 22], [66, 23], [67, 24], [68, 25], [69, 26], [70, 27], [71, 28], [72, 29], [73, 30], [74, 31], [75, 32], [76, 33], [77, 34], [78, 35], [79, 36], [80, 37], [81, 38], [82, 39], [83, 40], [84, 41], [85, 42], [43]]
Modulo:  87 Equivalence classes:  87 -> [[0], [1], [2], [3], [4], [5], [6], [7], [8], [9], [10], [11], [12], [13], [14], [15], [16], [17], [18], [19], [20], [21], [22], [23], [24], [25], [26], [27], [28], [29], [30], [31], [32], [33], [34], [35], [36], [37], [38], [39], [40], [41], [42], [43], [44], [45], [46], [47], [48], [49], [50], [51], [52], [53], [54], [55], [56], [57], [58], [59], [60], [61], [62], [63], [64], [65], [66], [67], [68], [69], [70], [71], [72], [73], [74], [75], [76], [77], [78], [79], [80], [81], [82], [83], [84], [85], [86]]
Modulo:  88 Equivalence classes:  28 -> [[0], [23, 1, 45, 67], [24, 2, 46, 68], [25, 3, 47, 69], [48, 4], [27, 5, 49, 71], [28, 6, 50, 72], [29, 7, 51, 73], [52, 8], [31, 9, 53, 75], [32, 10, 54, 76], [33, 11, 55, 77], [34, 12, 56, 78], [57, 13], [36, 14, 58, 80], [37, 15, 59, 81], [38, 16, 60, 82], [61, 17], [40, 18, 62, 84], [41, 19, 63, 85], [42, 20, 64, 86], [43, 21, 65, 87], [66, 22], [70, 26], [74, 30], [79, 35], [83, 39], [44]]
Modulo:  89 Equivalence classes:  89 -> [[0], [1], [2], [3], [4], [5], [6], [7], [8], [9], [10], [11], [12], [13], [14], [15], [16], [17], [18], [19], [20], [21], [22], [23], [24], [25], [26], [27], [28], [29], [30], [31], [32], [33], [34], [35], [36], [37], [38], [39], [40], [41], [42], [43], [44], [45], [46], [47], [48], [49], [50], [51], [52], [53], [54], [55], [56], [57], [58], [59], [60], [61], [62], [63], [64], [65], [66], [67], [68], [69], [70], [71], [72], [73], [74], [75], [76], [77], [78], [79], [80], [81], [82], [83], [84], [85], [86], [87], [88]]
Modulo:  90 Equivalence classes:  10 -> [[0], [10, 1, 19, 28, 37, 46, 55, 64, 73, 82], [11, 2, 20, 29, 38, 47, 56, 65, 74, 83], [12, 3, 21, 30, 39, 48, 57, 66, 75, 84], [13, 4, 22, 31, 40, 49, 58, 67, 76, 85], [14, 5, 23, 32, 41, 50, 59, 68, 77, 86], [15, 6, 24, 33, 42, 51, 60, 69, 78, 87], [16, 7, 25, 34, 43, 52, 61, 70, 79, 88], [17, 8, 26, 35, 44, 53, 62, 71, 80, 89], [18, 9, 27, 36, 45, 54, 63, 72, 81]]
Modulo:  91 Equivalence classes:  91 -> [[0], [1], [2], [3], [4], [5], [6], [7], [8], [9], [10], [11], [12], [13], [14], [15], [16], [17], [18], [19], [20], [21], [22], [23], [24], [25], [26], [27], [28], [29], [30], [31], [32], [33], [34], [35], [36], [37], [38], [39], [40], [41], [42], [43], [44], [45], [46], [47], [48], [49], [50], [51], [52], [53], [54], [55], [56], [57], [58], [59], [60], [61], [62], [63], [64], [65], [66], [67], [68], [69], [70], [71], [72], [73], [74], [75], [76], [77], [78], [79], [80], [81], [82], [83], [84], [85], [86], [87], [88], [89], [90]]
Modulo:  92 Equivalence classes:  29 -> [[0], [24, 1, 47, 70], [25, 2, 48, 71], [26, 3, 49, 72], [50, 4], [28, 5, 51, 74], [29, 6, 52, 75], [30, 7, 53, 76], [31, 8, 54, 77], [55, 9], [33, 10, 56, 79], [34, 11, 57, 80], [35, 12, 58, 81], [59, 13], [37, 14, 60, 83], [38, 15, 61, 84], [39, 16, 62, 85], [40, 17, 63, 86], [64, 18], [42, 19, 65, 88], [43, 20, 66, 89], [44, 21, 67, 90], [45, 22, 68, 91], [69, 23], [73, 27], [78, 32], [82, 36], [87, 41], [46]]
Modulo:  93 Equivalence classes:  93 -> [[0], [1], [2], [3], [4], [5], [6], [7], [8], [9], [10], [11], [12], [13], [14], [15], [16], [17], [18], [19], [20], [21], [22], [23], [24], [25], [26], [27], [28], [29], [30], [31], [32], [33], [34], [35], [36], [37], [38], [39], [40], [41], [42], [43], [44], [45], [46], [47], [48], [49], [50], [51], [52], [53], [54], [55], [56], [57], [58], [59], [60], [61], [62], [63], [64], [65], [66], [67], [68], [69], [70], [71], [72], [73], [74], [75], [76], [77], [78], [79], [80], [81], [82], [83], [84], [85], [86], [87], [88], [89], [90], [91], [92]]
Modulo:  94 Equivalence classes:  48 -> [[0], [48, 1], [49, 2], [50, 3], [51, 4], [52, 5], [53, 6], [54, 7], [55, 8], [56, 9], [57, 10], [58, 11], [59, 12], [60, 13], [61, 14], [62, 15], [63, 16], [64, 17], [65, 18], [66, 19], [67, 20], [68, 21], [69, 22], [70, 23], [71, 24], [72, 25], [73, 26], [74, 27], [75, 28], [76, 29], [77, 30], [78, 31], [79, 32], [80, 33], [81, 34], [82, 35], [83, 36], [84, 37], [85, 38], [86, 39], [87, 40], [88, 41], [89, 42], [90, 43], [91, 44], [92, 45], [93, 46], [47]]
Modulo:  95 Equivalence classes:  20 -> [[0], [20, 1, 39, 58, 77], [21, 2, 40, 59, 78], [22, 3, 41, 60, 79], [23, 4, 42, 61, 80], [24, 5, 43, 62, 81], [25, 6, 44, 63, 82], [26, 7, 45, 64, 83], [27, 8, 46, 65, 84], [28, 9, 47, 66, 85], [29, 10, 48, 67, 86], [30, 11, 49, 68, 87], [31, 12, 50, 69, 88], [32, 13, 51, 70, 89], [33, 14, 52, 71, 90], [34, 15, 53, 72, 91], [35, 16, 54, 73, 92], [36, 17, 55, 74, 93], [37, 18, 56, 75, 94], [38, 19, 57, 76]]
Modulo:  96 Equivalence classes:  30 -> [[0], [25, 1, 49, 73], [26, 2, 50, 74], [27, 3, 51, 75], [52, 4], [29, 5, 53, 77], [30, 6, 54, 78], [31, 7, 55, 79], [32, 8, 56, 80], [57, 9], [34, 10, 58, 82], [35, 11, 59, 83], [36, 12, 60, 84], [37, 13, 61, 85], [62, 14], [39, 15, 63, 87], [40, 16, 64, 88], [41, 17, 65, 89], [42, 18, 66, 90], [67, 19], [44, 20, 68, 92], [45, 21, 69, 93], [46, 22, 70, 94], [47, 23, 71, 95], [72, 24], [76, 28], [81, 33], [86, 38], [91, 43], [48]]
Modulo:  97 Equivalence classes:  97 -> [[0], [1], [2], [3], [4], [5], [6], [7], [8], [9], [10], [11], [12], [13], [14], [15], [16], [17], [18], [19], [20], [21], [22], [23], [24], [25], [26], [27], [28], [29], [30], [31], [32], [33], [34], [35], [36], [37], [38], [39], [40], [41], [42], [43], [44], [45], [46], [47], [48], [49], [50], [51], [52], [53], [54], [55], [56], [57], [58], [59], [60], [61], [62], [63], [64], [65], [66], [67], [68], [69], [70], [71], [72], [73], [74], [75], [76], [77], [78], [79], [80], [81], [82], [83], [84], [85], [86], [87], [88], [89], [90], [91], [92], [93], [94], [95], [96]]
Modulo:  98 Equivalence classes:  50 -> [[0], [50, 1], [51, 2], [52, 3], [53, 4], [54, 5], [55, 6], [56, 7], [57, 8], [58, 9], [59, 10], [60, 11], [61, 12], [62, 13], [63, 14], [64, 15], [65, 16], [66, 17], [67, 18], [68, 19], [69, 20], [70, 21], [71, 22], [72, 23], [73, 24], [74, 25], [75, 26], [76, 27], [77, 28], [78, 29], [79, 30], [80, 31], [81, 32], [82, 33], [83, 34], [84, 35], [85, 36], [86, 37], [87, 38], [88, 39], [89, 40], [90, 41], [91, 42], [92, 43], [93, 44], [94, 45], [95, 46], [96, 47], [97, 48], [49]]
Modulo:  99 Equivalence classes:  99 -> [[0], [1], [2], [3], [4], [5], [6], [7], [8], [9], [10], [11], [12], [13], [14], [15], [16], [17], [18], [19], [20], [21], [22], [23], [24], [25], [26], [27], [28], [29], [30], [31], [32], [33], [34], [35], [36], [37], [38], [39], [40], [41], [42], [43], [44], [45], [46], [47], [48], [49], [50], [51], [52], [53], [54], [55], [56], [57], [58], [59], [60], [61], [62], [63], [64], [65], [66], [67], [68], [69], [70], [71], [72], [73], [74], [75], [76], [77], [78], [79], [80], [81], [82], [83], [84], [85], [86], [87], [88], [89], [90], [91], [92], [93], [94], [95], [96], [97], [98]]
Modulo: 100 Equivalence classes:   3 -> [[0], [2, 1, 3, 4, 5, 6, 7, 8, 9, 11, 12, 13, 14, 15, 16, 17, 18, 19, 21, 22, 23, 24, 25, 26, 27, 28, 29, 31, 32, 33, 34, 35, 36, 37, 38, 39, 41, 42, 43, 44, 45, 46, 47, 48, 49, 51, 52, 53, 54, 55, 56, 57, 58, 59, 61, 62, 63, 64, 65, 66, 67, 68, 69, 71, 72, 73, 74, 75, 76, 77, 78, 79, 81, 82, 83, 84, 85, 86, 87, 88, 89, 91, 92, 93, 94, 95, 96, 97, 98, 99], [20, 10, 30, 40, 50, 60, 70, 80, 90]]
Modulo: 101 Equivalence classes: 101 -> [[0], [1], [2], [3], [4], [5], [6], [7], [8], [9], [10], [11], [12], [13], [14], [15], [16], [17], [18], [19], [20], [21], [22], [23], [24], [25], [26], [27], [28], [29], [30], [31], [32], [33], [34], [35], [36], [37], [38], [39], [40], [41], [42], [43], [44], [45], [46], [47], [48], [49], [50], [51], [52], [53], [54], [55], [56], [57], [58], [59], [60], [61], [62], [63], [64], [65], [66], [67], [68], [69], [70], [71], [72], [73], [74], [75], [76], [77], [78], [79], [80], [81], [82], [83], [84], [85], [86], [87], [88], [89], [90], [91], [92], [93], [94], [95], [96], [97], [98], [99], [100]]
Modulo: 102 Equivalence classes:  52 -> [[0], [52, 1], [53, 2], [54, 3], [55, 4], [56, 5], [57, 6], [58, 7], [59, 8], [60, 9], [61, 10], [62, 11], [63, 12], [64, 13], [65, 14], [66, 15], [67, 16], [68, 17], [69, 18], [70, 19], [71, 20], [72, 21], [73, 22], [74, 23], [75, 24], [76, 25], [77, 26], [78, 27], [79, 28], [80, 29], [81, 30], [82, 31], [83, 32], [84, 33], [85, 34], [86, 35], [87, 36], [88, 37], [89, 38], [90, 39], [91, 40], [92, 41], [93, 42], [94, 43], [95, 44], [96, 45], [97, 46], [98, 47], [99, 48], [100, 49], [101, 50], [51]]
Modulo: 103 Equivalence classes: 103 -> [[0], [1], [2], [3], [4], [5], [6], [7], [8], [9], [10], [11], [12], [13], [14], [15], [16], [17], [18], [19], [20], [21], [22], [23], [24], [25], [26], [27], [28], [29], [30], [31], [32], [33], [34], [35], [36], [37], [38], [39], [40], [41], [42], [43], [44], [45], [46], [47], [48], [49], [50], [51], [52], [53], [54], [55], [56], [57], [58], [59], [60], [61], [62], [63], [64], [65], [66], [67], [68], [69], [70], [71], [72], [73], [74], [75], [76], [77], [78], [79], [80], [81], [82], [83], [84], [85], [86], [87], [88], [89], [90], [91], [92], [93], [94], [95], [96], [97], [98], [99], [100], [101], [102]]
Modulo: 104 Equivalence classes:  32 -> [[0], [27, 1, 53, 79], [28, 2, 54, 80], [29, 3, 55, 81], [30, 4, 56, 82], [57, 5], [32, 6, 58, 84], [33, 7, 59, 85], [34, 8, 60, 86], [35, 9, 61, 87], [62, 10], [37, 11, 63, 89], [38, 12, 64, 90], [39, 13, 65, 91], [40, 14, 66, 92], [67, 15], [42, 16, 68, 94], [43, 17, 69, 95], [44, 18, 70, 96], [45, 19, 71, 97], [72, 20], [47, 21, 73, 99], [48, 22, 74, 100], [49, 23, 75, 101], [50, 24, 76, 102], [51, 25, 77, 103], [78, 26], [83, 31], [88, 36], [93, 41], [98, 46], [52]]
Modulo: 105 Equivalence classes:  22 -> [[0], [22, 1, 43, 64, 85], [23, 2, 44, 65, 86], [24, 3, 45, 66, 87], [25, 4, 46, 67, 88], [26, 5, 47, 68, 89], [27, 6, 48, 69, 90], [28, 7, 49, 70, 91], [29, 8, 50, 71, 92], [30, 9, 51, 72, 93], [31, 10, 52, 73, 94], [32, 11, 53, 74, 95], [33, 12, 54, 75, 96], [34, 13, 55, 76, 97], [35, 14, 56, 77, 98], [36, 15, 57, 78, 99], [37, 16, 58, 79, 100], [38, 17, 59, 80, 101], [39, 18, 60, 81, 102], [40, 19, 61, 82, 103], [41, 20, 62, 83, 104], [42, 21, 63, 84]]